# Created by Octave 4.0.0, Thu Mar 02 17:06:42 2017 CET <martino@martino-Link>
# name: hashes
# type: cell
# rows: 1
# columns: 200
# name: <cell-element>
# type: matrix
# rows: 1
# columns: 64
 0 1 0 1 1 1 1 1 1 0 1 1 1 1 1 0 1 0 0 0 0 1 1 0 1 0 0 0 0 0 0 0 0 1 0 0 0 0 1 1 0 0 0 0 1 1 1 1 0 0 0 0 1 1 1 1 1 0 0 0 1 1 1 1



# name: <cell-element>
# type: matrix
# rows: 1
# columns: 64
 0 0 0 0 0 0 0 0 0 1 1 0 0 0 0 0 0 1 1 0 0 0 0 0 1 1 1 1 0 0 0 0 1 1 1 1 1 0 0 0 1 1 1 1 1 1 0 0 1 1 1 1 1 1 0 0 1 1 1 1 1 0 0 0



# name: <cell-element>
# type: matrix
# rows: 1
# columns: 64
 1 0 0 1 1 1 1 1 0 0 0 1 1 1 1 1 0 0 1 1 1 1 1 1 0 0 0 0 1 0 1 1 0 1 0 1 0 0 1 1 0 1 1 1 0 0 1 1 0 1 1 0 0 1 1 1 0 1 0 1 0 1 1 0



# name: <cell-element>
# type: matrix
# rows: 1
# columns: 64
 0 0 0 0 0 1 1 1 0 0 0 0 1 1 1 1 0 0 0 1 1 0 0 0 0 0 1 1 0 0 0 0 0 0 1 1 0 0 0 0 0 1 1 1 1 0 0 1 0 1 1 1 1 0 0 0 0 1 1 1 1 1 1 1



# name: <cell-element>
# type: matrix
# rows: 1
# columns: 64
 0 0 1 1 1 1 0 0 0 0 1 1 1 1 0 0 0 0 0 0 0 0 0 0 0 0 1 0 0 0 0 0 0 0 1 1 1 0 0 0 0 0 1 1 1 1 0 0 0 1 1 1 1 1 0 0 0 1 1 1 1 1 0 0



# name: <cell-element>
# type: matrix
# rows: 1
# columns: 64
 0 0 1 1 1 1 1 1 0 0 1 1 1 1 1 1 0 0 0 0 0 1 1 1 0 0 0 0 0 1 1 1 0 0 1 1 1 1 1 1 0 0 1 1 1 1 1 1 0 0 1 0 1 1 1 1 0 0 1 0 0 1 1 1



# name: <cell-element>
# type: matrix
# rows: 1
# columns: 64
 1 1 1 1 1 1 1 1 0 0 1 1 0 0 1 1 0 1 0 0 1 1 1 1 0 0 0 1 1 1 0 0 1 1 1 0 1 1 1 0 1 1 1 1 1 1 1 0 1 1 1 1 1 1 0 0 0 1 1 1 1 0 0 0



# name: <cell-element>
# type: matrix
# rows: 1
# columns: 64
 0 1 0 1 1 1 1 1 0 0 0 1 1 1 1 1 0 0 0 1 1 1 1 1 0 0 1 0 0 0 1 0 1 1 1 0 0 0 0 0 1 0 0 0 0 0 0 0 0 1 0 0 0 0 0 0 0 0 0 0 0 0 0 0



# name: <cell-element>
# type: matrix
# rows: 1
# columns: 64
 1 1 1 1 1 1 0 0 1 1 1 1 1 1 1 1 1 1 1 1 1 1 1 0 1 1 1 1 0 1 0 0 1 1 1 0 0 0 0 0 1 1 0 1 0 0 0 0 1 0 0 0 0 0 0 0 1 0 0 0 0 1 0 0



# name: <cell-element>
# type: matrix
# rows: 1
# columns: 64
 0 0 1 1 1 1 1 1 0 0 1 1 0 1 1 1 0 0 0 0 1 0 1 1 0 0 0 1 1 0 1 1 0 0 0 0 0 0 1 1 0 0 0 1 1 0 0 0 0 0 0 1 1 1 1 1 0 0 0 0 0 0 1 1



# name: <cell-element>
# type: matrix
# rows: 1
# columns: 64
 0 1 1 1 1 1 1 0 1 1 1 1 1 1 1 1 1 1 1 1 1 1 1 1 0 1 1 1 1 0 1 0 0 1 1 1 1 0 0 0 0 0 1 1 0 0 0 0 0 0 0 0 0 0 0 0 0 0 0 0 0 0 0 0



# name: <cell-element>
# type: matrix
# rows: 1
# columns: 64
 0 0 0 1 1 0 0 0 0 0 0 1 1 0 0 0 0 0 0 1 1 0 0 0 0 0 1 1 1 0 0 0 1 1 1 1 1 1 0 0 1 1 1 1 1 1 0 0 1 1 1 1 0 0 0 0 0 0 0 0 0 0 0 0



# name: <cell-element>
# type: matrix
# rows: 1
# columns: 64
 0 0 0 0 1 1 0 0 0 0 0 0 0 0 0 0 0 0 0 0 0 0 0 0 1 1 1 1 0 0 0 0 1 1 1 1 0 0 1 1 1 1 1 0 0 1 1 1 1 1 1 0 0 0 0 0 1 1 1 1 1 0 0 0



# name: <cell-element>
# type: matrix
# rows: 1
# columns: 64
 0 0 1 0 0 0 0 0 1 1 1 1 0 0 0 1 1 1 1 1 1 0 0 0 1 1 0 1 1 1 1 0 1 1 0 1 1 1 1 0 1 1 1 1 1 1 0 0 1 0 1 1 1 1 1 0 0 0 1 1 0 1 0 0



# name: <cell-element>
# type: matrix
# rows: 1
# columns: 64
 1 1 1 1 1 0 0 0 0 0 0 0 0 0 0 0 0 1 1 1 0 0 0 0 1 1 1 1 1 0 0 0 0 1 1 1 1 0 0 1 0 1 1 1 0 0 0 1 1 1 1 1 0 0 0 1 0 1 1 1 0 0 0 1



# name: <cell-element>
# type: matrix
# rows: 1
# columns: 64
 0 0 0 0 0 1 1 0 0 0 0 0 0 1 1 1 0 0 0 0 0 1 1 1 0 1 1 0 1 1 1 1 0 0 0 1 1 1 1 1 0 0 0 0 1 1 1 0 0 0 0 1 1 1 1 1 0 0 0 1 1 1 0 0



# name: <cell-element>
# type: matrix
# rows: 1
# columns: 64
 0 0 0 0 0 0 0 0 0 0 0 0 0 0 0 0 0 0 1 1 1 1 1 0 0 0 1 1 1 1 1 1 0 1 1 1 0 1 0 1 0 1 1 1 0 0 0 0 0 1 0 0 0 0 0 0 1 1 0 0 0 0 0 0



# name: <cell-element>
# type: matrix
# rows: 1
# columns: 64
 0 0 0 0 0 0 0 1 0 1 1 1 0 0 0 1 0 1 1 1 0 0 0 1 0 1 1 0 0 0 0 1 0 1 0 0 0 0 1 1 0 0 1 0 0 1 1 1 0 0 1 1 1 1 1 1 0 1 1 1 1 1 1 1



# name: <cell-element>
# type: matrix
# rows: 1
# columns: 64
 0 1 1 0 1 1 0 0 0 1 1 0 1 1 0 0 0 1 1 1 1 0 0 0 0 1 1 1 0 1 1 1 1 1 1 0 1 1 0 0 1 1 0 1 0 0 1 1 1 1 1 1 0 0 0 0 0 1 0 1 1 0 0 0



# name: <cell-element>
# type: matrix
# rows: 1
# columns: 64
 1 0 0 0 1 1 0 1 0 0 1 0 1 1 1 0 0 0 1 1 1 1 1 0 0 1 1 1 1 1 0 0 1 0 0 1 1 1 1 1 1 0 0 0 0 1 1 1 0 0 0 0 0 1 1 1 0 0 0 0 0 0 0 0



# name: <cell-element>
# type: matrix
# rows: 1
# columns: 64
 0 0 0 0 1 1 1 1 0 0 0 1 0 1 0 1 0 0 0 0 0 1 0 1 1 1 0 0 0 1 0 1 0 1 0 0 0 0 1 1 0 0 0 0 0 0 1 1 0 0 0 0 0 1 0 1 0 0 0 0 0 1 1 1



# name: <cell-element>
# type: matrix
# rows: 1
# columns: 64
 0 0 0 0 0 0 0 0 0 0 0 0 0 0 0 1 0 0 0 0 0 0 0 0 0 0 1 1 1 0 0 0 0 1 1 1 1 1 1 1 1 1 1 1 1 1 0 1 0 1 1 1 1 1 0 1 0 0 0 1 0 0 0 1



# name: <cell-element>
# type: matrix
# rows: 1
# columns: 64
 0 0 0 1 1 0 1 1 0 0 0 1 1 1 1 1 0 0 0 1 1 1 1 1 0 0 0 1 0 1 1 1 0 0 0 1 0 1 1 1 0 0 0 1 1 1 1 1 0 0 0 1 1 1 1 1 0 0 0 1 1 1 1 1



# name: <cell-element>
# type: matrix
# rows: 1
# columns: 64
 1 1 1 0 0 1 1 1 1 1 1 0 0 1 1 1 1 1 1 0 0 1 1 1 1 1 1 0 0 1 1 1 1 1 1 1 0 0 0 1 1 1 1 0 0 0 0 0 1 1 1 0 0 0 0 0 1 1 1 0 0 0 0 0



# name: <cell-element>
# type: matrix
# rows: 1
# columns: 64
 1 0 0 0 0 0 0 0 1 0 0 0 1 0 0 0 1 0 0 0 0 0 0 0 1 0 1 1 0 0 0 1 1 0 0 0 0 0 0 1 1 1 1 0 0 0 0 1 1 1 1 0 0 1 0 1 1 1 0 0 0 1 1 1



# name: <cell-element>
# type: matrix
# rows: 1
# columns: 64
 1 1 1 1 1 0 0 0 1 1 1 1 1 0 0 0 1 1 1 1 0 0 0 0 1 1 1 1 0 0 0 0 1 1 1 0 0 0 0 0 1 1 1 0 0 0 0 0 1 1 1 0 0 0 0 0 1 1 0 0 0 0 0 0



# name: <cell-element>
# type: matrix
# rows: 1
# columns: 64
 0 0 0 0 1 1 1 1 0 1 1 1 1 0 0 0 0 0 0 0 0 1 1 1 0 0 0 0 0 0 0 0 0 0 0 0 0 0 0 0 1 1 1 0 0 1 0 0 1 0 0 0 1 1 1 0 0 0 0 0 1 1 1 1



# name: <cell-element>
# type: matrix
# rows: 1
# columns: 64
 0 0 0 0 0 0 0 0 1 1 0 0 0 0 0 0 0 1 0 0 1 0 0 0 0 1 0 1 1 1 0 0 0 0 0 1 1 1 1 1 0 0 1 0 1 1 0 1 0 1 1 1 1 1 0 0 0 1 1 1 1 1 0 1



# name: <cell-element>
# type: matrix
# rows: 1
# columns: 64
 0 0 0 0 0 0 0 0 1 0 0 0 0 1 1 0 1 0 0 0 0 1 1 0 1 0 0 0 0 0 1 0 1 1 0 0 0 0 0 0 1 1 1 0 1 1 1 1 0 0 0 0 1 1 1 1 0 1 1 0 1 0 1 1



# name: <cell-element>
# type: matrix
# rows: 1
# columns: 64
 0 0 0 0 0 0 0 0 0 0 0 0 0 0 0 0 0 0 0 0 0 0 0 0 0 0 1 1 1 0 1 1 1 1 1 1 1 1 1 1 0 0 1 1 1 1 1 1 0 0 0 0 0 0 0 1 0 0 0 0 0 0 0 0



# name: <cell-element>
# type: matrix
# rows: 1
# columns: 64
 0 0 0 1 0 0 1 1 0 0 0 1 1 1 0 1 0 0 1 1 0 1 1 1 0 0 0 0 1 1 0 0 0 0 0 0 1 1 0 0 0 1 1 0 1 1 0 0 0 1 1 0 1 1 1 1 0 0 0 0 1 1 0 0



# name: <cell-element>
# type: matrix
# rows: 1
# columns: 64
 1 1 0 0 0 0 0 0 1 1 0 0 0 1 1 1 1 0 0 0 0 1 1 1 1 1 0 0 0 0 0 1 1 1 0 0 0 0 0 0 1 1 1 0 0 0 0 0 1 1 0 0 0 0 0 0 1 1 1 0 0 0 1 0



# name: <cell-element>
# type: matrix
# rows: 1
# columns: 64
 1 1 1 0 1 1 0 0 1 1 1 0 1 0 0 0 1 1 1 0 1 0 0 0 1 1 1 1 1 0 0 0 1 1 1 1 1 0 0 0 0 1 1 1 1 0 0 0 0 1 1 1 1 0 0 0 0 1 1 1 1 0 0 0



# name: <cell-element>
# type: matrix
# rows: 1
# columns: 64
 0 0 0 0 0 0 0 0 0 0 0 0 0 0 0 0 0 0 0 0 0 0 0 0 0 0 1 0 0 0 0 1 1 1 1 1 1 1 0 1 1 1 1 1 1 1 1 1 0 1 1 1 1 1 1 1 0 1 1 1 0 1 1 1



# name: <cell-element>
# type: matrix
# rows: 1
# columns: 64
 1 1 1 1 0 0 0 1 1 1 1 1 1 0 0 0 0 1 0 1 1 0 0 0 0 1 0 0 1 0 0 0 1 1 0 0 0 0 0 0 1 1 0 0 1 0 0 0 1 1 1 1 1 0 0 0 1 1 1 1 1 0 0 1



# name: <cell-element>
# type: matrix
# rows: 1
# columns: 64
 0 0 0 0 0 0 0 0 0 0 1 1 1 1 0 0 0 0 1 1 1 1 1 1 0 0 0 0 0 1 1 1 0 0 1 0 0 1 1 1 0 0 1 0 1 0 1 0 0 1 1 0 1 1 0 1 0 1 1 0 0 0 0 1



# name: <cell-element>
# type: matrix
# rows: 1
# columns: 64
 1 1 1 1 1 1 0 0 0 0 0 0 1 1 0 0 0 0 0 0 1 1 0 1 0 0 0 0 1 0 1 1 0 1 1 1 0 0 1 1 0 1 1 0 0 0 1 0 0 1 1 1 1 1 1 0 0 0 1 1 1 1 1 0



# name: <cell-element>
# type: matrix
# rows: 1
# columns: 64
 1 0 0 0 0 0 0 0 1 0 0 1 1 1 1 1 1 1 1 1 1 1 1 1 1 1 0 0 1 0 1 1 0 0 1 1 1 1 1 1 1 0 0 0 1 1 1 0 1 0 0 0 1 1 1 1 1 1 0 0 0 0 0 0



# name: <cell-element>
# type: matrix
# rows: 1
# columns: 64
 0 0 0 0 0 0 0 0 0 0 0 0 0 0 0 0 0 0 0 0 0 0 0 0 0 0 1 0 1 1 1 1 0 0 1 1 1 1 1 1 0 0 0 0 1 1 1 1 1 1 0 0 1 1 1 1 1 0 0 0 1 1 1 1



# name: <cell-element>
# type: matrix
# rows: 1
# columns: 64
 0 1 1 0 0 0 0 0 0 1 1 1 0 0 0 0 0 1 1 1 0 0 1 0 1 1 1 1 0 0 0 0 1 1 0 0 1 1 0 0 1 1 1 1 0 1 0 0 1 1 1 0 0 1 0 0 1 1 1 1 0 1 0 0



